4402893
4537231
4537268
4541734
4846489
4887093
5002225
5012618
5016288
5018130
5026291
5032851
5130810
5143591
5163466
5167349
5176831
5181401
5181932
5183506
5183571
5210404
5259825
5273267
5313972
5327895
5336704
5342011
5350374
5355856
5355870
5358270
5363876
5367141
5371846
5372418
5377229
5378714
5394376
5426135
5429042
5431566
5431907
5440072
5445539
5446568
5454208
5455884
5456126
5458955
5461328
5461381
5463601
5490127
5495054
5500677
5503533
5506946
5516962
5517964
5520477
5522267
5533512
5545924
5553084
5553197
5561384
5561535
5561865
5561980
5562691
5562929
5564974
5571548
5576057
5581830
5582287
5582907
5585753
5585803
5586488
5586882
5586957
5587492
5587961
5589395
5591110
5592643
5607484
5612510
5620442
5626662
5633110
5642032
5643921
5645472
5647336
5649342
5655194
5673710
5684206
5686682
5689296
5693419
5694171
5700366
5706623
5709302
5716648
5717943
5720483
5721067
5726334
5726411
5728961
5730383
5734316
5736549
5744091
5754876
5754902
5765021
5771656
5771757
5772165
5773751
5774169
5774649
5778016
5779309
5780527
5782545
5792801
5793258
5793447
5795861
5796521
5796988
5797220
5797321
5797853
5798032
5798537
5798665
5799402
5800002
5800065
5800279
5800495
5801055
5801168
5801244
5801283
5801889
5802172
5802564
5802653
5805698
5806183
5806854
5807274
5808290
5808441
5808720
5809114
5809912
5809975
5810991
5818947
5820838
5823873
5824077
5824457
5824521
5824634
5825385
5825462
5825524
5825599
5825738
5825803
5825839
5825928
5826084
5826161
5826185
5826298
5826312
5826553
5826589
5826805
5828316
5828544
5829181
5829597
5830260
5830575
5831146
5833429
5835210
5838661
5838848
5839004
5841919
5842051
5844485
5845654
5849435
5857495
5860667
5864691
5873359
5873854
5877600
5880657
5888336
5888464
5892613
5897006
5897590
5898022
5915968
5918180
